        YEAR      RASTRO      QCALOR      RSOLST
 -1000000.00      381.41      412.25      528.32
  -999000.00      381.16      411.86      524.29
  -998000.00      380.24      410.85      517.28
  -997000.00      378.69      409.29      508.03
  -996000.00      376.58      407.32      497.60
  -995000.00      374.11      405.11      487.21
  -994000.00      371.53      402.83      477.97
  -993000.00      369.15      400.69      470.70
  -992000.00      367.28      398.89      465.91
  -991000.00      366.12      397.58      463.75
  -990000.00      365.75      396.89      464.16
  -989000.00      366.14      396.87      466.88
  -988000.00      367.18      397.52      471.58
  -987000.00      368.65      398.77      477.92
  -986000.00      370.35      400.47      485.57
  -985000.00      372.07      402.42      494.22
  -984000.00      373.65      404.39      503.52
  -983000.00      374.93      406.13      512.98
  -982000.00      375.81      407.40      521.82
  -981000.00      376.20      407.98      528.86
  -980000.00      376.03      407.73      532.53
  -979000.00      375.22      406.57      531.29
  -978000.00      373.69      404.54      524.17
  -977000.00      371.39      401.74      511.46
  -976000.00      368.29      398.40      494.83
  -975000.00      364.55      394.80      476.85
  -974000.00      360.52      391.27      460.15
  -973000.00      356.69      388.14      446.76
  -972000.00      353.69      385.72      437.79
  -971000.00      352.03      384.27      433.56
  -970000.00      351.94      383.95      433.83
  -969000.00      353.40      384.85      438.02
  -968000.00      356.19      386.95      445.43
  -967000.00      359.96      390.11      455.38
  -966000.00      364.29      394.12      467.25
  -965000.00      368.81      398.67      480.57
  -964000.00      373.18      403.41      494.93
  -963000.00      377.20      407.99      509.88
  -962000.00      380.66      412.05      524.77
  -961000.00      383.47      415.31      538.58
  -960000.00      385.52      417.57      549.75
  -959000.00      386.76      418.68      556.44
  -958000.00      387.13      418.65      556.97
  -957000.00      386.56      417.53      550.65
  -956000.00      385.00      415.49      538.24
  -955000.00      382.49      412.76      521.85
  -954000.00      379.19      409.60      504.22
  -953000.00      375.47      406.32      487.90
  -952000.00      371.76      403.20      474.63
  -951000.00      368.61      400.52      465.30
  -950000.00      366.40      398.47      460.06
  -949000.00      365.30      397.19      458.59
  -948000.00      365.28      396.75      460.30
  -947000.00      366.15      397.09      464.53
  -946000.00      367.64      398.11      470.63
  -945000.00      369.43      399.63      478.02
  -944000.00      371.27      401.42      486.21
  -943000.00      372.91      403.24      494.73
  -942000.00      374.20      404.85      503.10
  -941000.00      375.04      406.02      510.70
  -940000.00      375.37      406.59      516.74
  -939000.00      375.13      406.45      520.31
  -938000.00      374.33      405.57      520.59
  -937000.00      372.97      404.01      517.14
  -936000.00      371.10      401.88      510.16
  -935000.00      368.79      399.38      500.53
  -934000.00      366.22      396.73      489.67
  -933000.00      363.61      394.17      479.06
  -932000.00      361.23      391.93      469.97
  -931000.00      359.34      390.21      463.22
  -930000.00      358.15      389.12      459.19
  -929000.00      357.78      388.76      457.88
  -928000.00      358.21      389.11      459.04
  -927000.00      359.34      390.12      462.24
  -926000.00      361.01      391.68      467.01
  -925000.00      363.03      393.63      472.84
  -924000.00      365.23      395.80      479.23
  -923000.00      367.43      398.03      485.67
  -922000.00      369.53      400.16      491.71
  -921000.00      371.42      402.10      496.94
  -920000.00      373.04      403.75      501.07
  -919000.00      374.38      405.11      503.98
  -918000.00      375.45      406.18      505.71
  -917000.00      376.26      407.01      506.48
  -916000.00      376.88      407.65      506.63
  -915000.00      377.37      408.17      506.52
  -914000.00      377.80      408.62      506.50
  -913000.00      378.21      409.05      506.81
  -912000.00      378.62      409.48      507.56
  -911000.00      379.03      409.90      508.75
  -910000.00      379.39      410.27      510.23
  -909000.00      379.65      410.54      511.78
  -908000.00      379.75      410.63      513.10
  -907000.00      379.62      410.48      513.82
  -906000.00      379.19      410.02      513.60
  -905000.00      378.41      409.21      512.12
  -904000.00      377.26      408.01      509.18
  -903000.00      375.73      406.44      504.76
  -902000.00      373.87      404.56      499.07
  -901000.00      371.75      402.45      492.53
  -900000.00      369.49      400.24      485.71
  -899000.00      367.26      398.07      479.28
  -898000.00      365.24      396.09      473.85
  -897000.00      363.60      394.46      469.89
  -896000.00      362.49      393.30      467.71
  -895000.00      361.99      392.70      467.43
  -894000.00      362.09      392.68      469.01
  -893000.00      362.74      393.25      472.29
  -892000.00      363.84      394.32      477.03
  -891000.00      365.22      395.76      482.89
  -890000.00      366.76      397.43      489.48
  -889000.00      368.31      399.13      496.28
  -888000.00      369.73      400.69      502.68
  -887000.00      370.91      401.95      507.92
  -886000.00      371.75      402.76      511.21
  -885000.00      372.17      403.07      511.87
  -884000.00      372.13      402.86      509.54
  -883000.00      371.59      402.17      504.36
  -882000.00      370.60      401.11      496.99
  -881000.00      369.27      399.82      488.53
  -880000.00      367.76      398.48      480.21
  -879000.00      366.31      397.27      473.12
  -878000.00      365.20      396.36      468.06
  -877000.00      364.66      395.90      465.46
  -876000.00      364.82      395.99      465.43
  -875000.00      365.72      396.70      467.82
  -874000.00      367.26      397.99      472.33
  -873000.00      369.30      399.81      478.57
  -872000.00      371.63      402.02      486.13
  -871000.00      374.05      404.45      494.58
  -870000.00      376.36      406.91      503.50
  -869000.00      378.40      409.17      512.37
  -868000.00      380.04      411.06      520.60
  -867000.00      381.19      412.38      527.42
  -866000.00      381.77      413.02      531.98
  -865000.00      381.73      412.90      533.45
  -864000.00      381.03      412.02      531.23
  -863000.00      379.67      410.43      525.25
  -862000.00      377.68      408.25      516.08
  -861000.00      375.15      405.65      504.85
  -860000.00      372.26      402.83      493.01
  -859000.00      369.26      400.02      481.94
  -858000.00      366.45      397.44      472.74
  -857000.00      364.13      395.29      466.08
  -856000.00      362.53      393.72      462.22
  -855000.00      361.75      392.83      461.12
  -854000.00      361.79      392.66      462.51
  -853000.00      362.54      393.17      466.02
  -852000.00      363.82      394.27      471.21
  -851000.00      365.43      395.82      477.65
  -850000.00      367.17      397.63      484.88
  -849000.00      368.87      399.49      492.40
  -848000.00      370.39      401.20      499.64
  -847000.00      371.63      402.59      505.92
  -846000.00      372.50      403.52      510.47
  -845000.00      372.94      403.93      512.60
  -844000.00      372.93      403.79      511.87
  -843000.00      372.46      403.18      508.28
  -842000.00      371.58      402.19      502.38
  -841000.00      370.41      400.98      495.14
  -840000.00      369.11      399.74      487.72
  -839000.00      367.89      398.65      481.22
  -838000.00      366.98      397.86      476.46
  -837000.00      366.57      397.53      473.90
  -836000.00      366.77      397.71      473.68
  -835000.00      367.59      398.44      475.67
  -834000.00      368.96      399.68      479.56
  -833000.00      370.73      401.34      484.97
  -832000.00      372.70      403.27      491.42
  -831000.00      374.70      405.29      498.43
  -830000.00      376.54      407.22      505.45
  -829000.00      378.07      408.87      511.90
  -828000.00      379.18      410.08      517.14
  -827000.00      379.77      410.72      520.53
  -826000.00      379.79      410.71      521.50
  -825000.00      379.21      410.05      519.73
  -824000.00      378.04      408.78      515.25
  -823000.00      376.32      406.99      508.53
  -822000.00      374.19      404.84      500.40
  -821000.00      371.81      402.50      491.87
  -820000.00      369.39      400.17      483.96
  -819000.00      367.19      398.05      477.46
  -818000.00      365.41      396.30      472.90
  -817000.00      364.21      395.06      470.51
  -816000.00      363.65      394.39      470.27
  -815000.00      363.69      394.31      471.99
  -814000.00      364.24      394.77      475.37
  -813000.00      365.15      395.66      480.03
  -812000.00      366.25      396.83      485.54
  -811000.00      367.41      398.11      491.38
  -810000.00      368.48      399.30      496.95
  -809000.00      369.34      400.26      501.55
  -808000.00      369.92      400.84      504.46
  -807000.00      370.13      400.99      505.06
  -806000.00      369.95      400.69      503.05
  -805000.00      369.37      400.00      498.58
  -804000.00      368.47      399.04      492.32
  -803000.00      367.35      397.96      485.28
  -802000.00      366.22      396.95      478.59
  -801000.00      365.28      396.17      473.24
  -800000.00      364.79      395.79      469.92
  -799000.00      364.90      395.93      468.96
  -798000.00      365.70      396.64      470.41
  -797000.00      367.16      397.94      474.07
  -796000.00      369.16      399.78      479.60
  -795000.00      371.51      402.03      486.58
  -794000.00      374.02      404.53      494.56
  -793000.00      376.49      407.09      503.05
  -792000.00      378.73      409.49      511.51
  -791000.00      380.61      411.55      519.34
  -790000.00      382.01      413.10      525.83
  -789000.00      382.85      413.99      530.23
  -788000.00      383.07      414.17      531.87
  -787000.00      382.64      413.62      530.31
  -786000.00      381.57      412.39      525.54
  -785000.00      379.89      410.59      518.07
  -784000.00      377.72      408.36      508.84
  -783000.00      375.22      405.90      499.01
  -782000.00      372.61      403.40      489.72
  -781000.00      370.13      401.05      481.86
  -780000.00      368.02      399.02      476.01
  -779000.00      366.45      397.44      472.39
  -778000.00      365.48      396.39      470.98
  -777000.00      365.11      395.88      471.54
  -776000.00      365.23      395.86      473.73
  -775000.00      365.72      396.25      477.18
  -774000.00      366.42      396.92      481.46
  -773000.00      367.17      397.73      486.12
  -772000.00      367.86      398.51      490.69
  -771000.00      368.39      399.14      494.68
  -770000.00      368.67      399.49      497.59
  -769000.00      368.68      399.52      499.00
  -768000.00      368.39      399.20      498.66
  -767000.00      367.82      398.58      496.56
  -766000.00      367.03      397.73      493.03
  -765000.00      366.12      396.78      488.64
  -764000.00      365.20      395.85      484.07
  -763000.00      364.42      395.10      480.04
  -762000.00      363.91      394.62      477.09
  -761000.00      363.79      394.52      475.57
  -760000.00      364.11      394.84      475.60
  -759000.00      364.86      395.57      477.14
  -758000.00      366.00      396.68      479.96
  -757000.00      367.43      398.08      483.75
  -756000.00      369.02      399.67      488.13
  -755000.00      370.66      401.32      492.67
  -754000.00      372.22      402.90      496.94
  -753000.00      373.61      404.31      500.53
  -752000.00      374.76      405.48      503.13
  -751000.00      375.62      406.36      504.52
  -750000.00      376.18      406.93      504.71
  -749000.00      376.46      407.23      503.84
  -748000.00      376.52      407.32      502.27
  -747000.00      376.43      407.26      500.43
  -746000.00      376.28      407.14      498.77
  -745000.00      376.18      407.05      497.67
  -744000.00      376.19      407.06      497.42
  -743000.00      376.36      407.19      498.13
  -742000.00      376.68      407.47      499.80
  -741000.00      377.11      407.87      502.31
  -740000.00      377.59      408.34      505.44
  -739000.00      378.01      408.78      508.86
  -738000.00      378.28      409.09      512.20
  -737000.00      378.31      409.16      514.97
  -736000.00      378.01      408.89      516.63
  -735000.00      377.31      408.18      516.65
  -734000.00      376.17      406.97      514.53
  -733000.00      374.55      405.26      509.99
  -732000.00      372.46      403.08      503.10
  -731000.00      369.96      400.54      494.31
  -730000.00      367.15      397.77      484.46
  -729000.00      364.22      394.96      474.59
  -728000.00      361.41      392.32      465.75
  -727000.00      359.01      390.07      458.79
  -726000.00      357.28      388.40      454.27
  -725000.00      356.41      387.45      452.45
  -724000.00      356.47      387.32      453.33
  -723000.00      357.43      388.04      456.71
  -722000.00      359.15      389.57      462.31
  -721000.00      361.45      391.78      469.76
  -720000.00      364.11      394.50      478.66
  -719000.00      366.91      397.50      488.60
  -718000.00      369.67      400.54      499.02
  -717000.00      372.22      403.35      509.23
  -716000.00      374.42      405.73      518.29
  -715000.00      376.16      407.48      525.08
  -714000.00      377.33      408.51      528.45
  -713000.00      377.85      408.75      527.56
  -712000.00      377.67      408.26      522.22
  -711000.00      376.75      407.14      513.11
  -710000.00      375.15      405.54      501.65
  -709000.00      373.05      403.66      489.58
  -708000.00      370.72      401.72      478.55
  -707000.00      368.52      399.95      469.81
  -706000.00      366.83      398.55      464.05
  -705000.00      365.92      397.69      461.48
  -704000.00      365.94      397.49      461.98
  -703000.00      366.84      397.99      465.18
  -702000.00      368.48      399.18      470.61
  -701000.00      370.64      400.97      477.81
  -700000.00      373.05      403.21      486.34
  -699000.00      375.47      405.69      495.80
  -698000.00      377.69      408.18      505.83
  -697000.00      379.56      410.45      515.98
  -696000.00      380.96      412.25      525.66
  -695000.00      381.81      413.38      533.97
  -694000.00      382.03      413.70      539.72
  -693000.00      381.59      413.12      541.59
  -692000.00      380.44      411.63      538.50
  -691000.00      378.54      409.30      530.11
  -690000.00      375.90      406.29      517.17
  -689000.00      372.56      402.80      501.40
  -688000.00      368.74      399.12      484.97
  -687000.00      364.76      395.52      469.95
  -686000.00      361.05      392.29      457.82
  -685000.00      358.06      389.68      449.38
  -684000.00      356.14      387.88      444.84
  -683000.00      355.44      387.01      443.98
  -682000.00      355.94      387.14      446.34
  -681000.00      357.46      388.21      451.37
  -680000.00      359.75      390.12      458.51
  -679000.00      362.52      392.68      467.25
  -678000.00      365.50      395.66      477.13
  -677000.00      368.45      398.82      487.71
  -676000.00      371.20      401.89      498.49
  -675000.00      373.61      404.63      508.86
  -674000.00      375.59      406.86      518.01
  -673000.00      377.07      408.44      525.01
  -672000.00      378.00      409.30      528.95
  -671000.00      378.35      409.45      529.18
  -670000.00      378.12      408.95      525.63
  -669000.00      377.33      407.93      518.87
  -668000.00      376.07      406.55      510.01
  -667000.00      374.47      404.98      500.43
  -666000.00      372.75      403.40      491.38
  -665000.00      371.11      401.97      483.82
  -664000.00      369.77      400.82      478.30
  -663000.00      368.88      400.04      475.02
  -662000.00      368.51      399.66      473.88
  -661000.00      368.64      399.70      474.61
  -660000.00      369.18      400.09      476.85
  -659000.00      370.01      400.76      480.19
  -658000.00      370.97      401.60      484.22
  -657000.00      371.94      402.51      488.58
  -656000.00      372.81      403.35      492.91
  -655000.00      373.47      404.05      496.90
  -654000.00      373.89      404.53      500.29
  -653000.00      374.04      404.73      502.86
  -652000.00      373.91      404.66      504.49
  -651000.00      373.54      404.31      505.14
  -650000.00      372.95      403.74      504.86
  -649000.00      372.21      403.00      503.80
  -648000.00      371.38      402.14      502.17
  -647000.00      370.50      401.25      500.18
  -646000.00      369.63      400.36      498.01
  -645000.00      368.81      399.52      495.80
  -644000.00      368.07      398.76      493.60
  -643000.00      367.39      398.07      491.40
  -642000.00      366.78      397.44      489.11
  -641000.00      366.21      396.86      486.65
  -640000.00      365.67      396.32      483.96
  -639000.00      365.14      395.81      481.03
  -638000.00      364.63      395.34      477.95
  -637000.00      364.18      394.95      474.94
  -636000.00      363.85      394.67      472.28
  -635000.00      363.71      394.59      470.32
  -634000.00      363.87      394.78      469.39
  -633000.00      364.42      395.30      469.77
  -632000.00      365.42      396.22      471.64
  -631000.00      366.90      397.58      475.07
  -630000.00      368.83      399.37      480.02
  -629000.00      371.11      401.57      486.36
  -628000.00      373.63      404.08      493.88
  -627000.00      376.24      406.79      502.32
  -626000.00      378.78      409.51      511.32
  -625000.00      381.11      412.08      520.47
  -624000.00      383.08      414.30      529.20
  -623000.00      384.58      415.97      536.75
  -622000.00      385.50      416.94      542.19
  -621000.00      385.75      417.10      544.47
  -620000.00      385.26      416.37      542.69
  -619000.00      383.95      414.75      536.34
  -618000.00      381.80      412.32      525.66
  -617000.00      378.81      409.20      511.70
  -616000.00      375.10      405.59      496.11
  -615000.00      370.93      401.75      480.73
  -614000.00      366.66      397.94      467.19
  -613000.00      362.77      394.47      456.62
  -612000.00      359.71      391.58      449.60
  -611000.00      357.77      389.51      446.22
  -610000.00      357.06      388.38      446.26
  -609000.00      357.51      388.29      449.27
  -608000.00      358.92      389.18      454.79
  -607000.00      361.01      390.96      462.33
  -606000.00      363.48      393.42      471.50
  -605000.00      366.07      396.30      481.98
  -604000.00      368.55      399.29      493.38
  -603000.00      370.77      402.07      505.20
  -602000.00      372.58      404.34      516.55
  -601000.00      373.90      405.87      526.05
  -600000.00      374.64      406.50      531.90
  -599000.00      374.72      406.17      532.34
  -598000.00      374.07      404.92      526.41
  -597000.00      372.60      402.91      514.59
  -596000.00      370.32      400.37      498.83
  -595000.00      367.39      397.59      481.89
  -594000.00      364.15      394.88      466.42
  -593000.00      361.11      392.54      454.30
  -592000.00      358.83      390.83      446.50
  -591000.00      357.75      389.97      443.22
  -590000.00      358.07      390.10      444.12
  -589000.00      359.73      391.26      448.59
  -588000.00      362.50      393.41      455.94
  -587000.00      366.07      396.42      465.48
  -586000.00      370.05      400.08      476.63
  -585000.00      374.12      404.12      488.88
  -584000.00      377.98      408.24      501.82
  -583000.00      381.43      412.15      515.01
  -582000.00      384.31      415.55      527.91
  -581000.00      386.54      418.22      539.71
  -580000.00      388.03      419.96      549.30
  -579000.00      388.74      420.67      555.33
  -578000.00      388.64      420.32      556.55
  -577000.00      387.69      418.96      552.26
  -576000.00      385.89      416.71      542.67
  -575000.00      383.24      413.73      529.02
  -574000.00      379.87      410.26      513.22
  -573000.00      376.01      406.54      497.30
  -572000.00      371.98      402.83      482.97
  -571000.00      368.15      399.36      471.34
  -570000.00      364.88      396.35      462.91
  -569000.00      362.42      393.96      457.72
  -568000.00      360.87      392.27      455.53
  -567000.00      360.21      391.31      455.88
  -566000.00      360.28      391.05      458.32
  -565000.00      360.92      391.40      462.36
  -564000.00      361.92      392.24      467.59
  -563000.00      363.10      393.41      473.59
  -562000.00      364.30      394.74      480.01
  -561000.00      365.42      396.06      486.45
  -560000.00      366.39      397.23      492.44
  -559000.00      367.13      398.13      497.50
  -558000.00      367.64      398.71      501.13
  -557000.00      367.89      398.94      502.93
  -556000.00      367.90      398.85      502.72
  -555000.00      367.70      398.52      500.60
  -554000.00      367.34      398.04      497.02
  -553000.00      366.90      397.52      492.59
  -552000.00      366.48      397.08      488.02
  -551000.00      366.18      396.81      483.95
  -550000.00      366.11      396.80      480.85
  -549000.00      366.33      397.08      478.99
  -548000.00      366.87      397.68      478.45
  -547000.00      367.74      398.57      479.16
  -546000.00      368.89      399.72      480.94
  -545000.00      370.24      401.05      483.56
  -544000.00      371.71      402.51      486.73
  -543000.00      373.21      404.00      490.23
  -542000.00      374.67      405.45      493.80
  -541000.00      376.00      406.80      497.26
  -540000.00      377.16      407.99      500.48
  -539000.00      378.13      408.98      503.35
  -538000.00      378.88      409.75      505.85
  -537000.00      379.42      410.29      507.98
  -536000.00      379.74      410.62      509.75
  -535000.00      379.87      410.75      511.24
  -534000.00      379.82      410.69      512.46
  -533000.00      379.61      410.46      513.44
  -532000.00      379.22      410.07      514.13
  -531000.00      378.67      409.51      514.47
  -530000.00      377.94      408.78      514.31
  -529000.00      377.03      407.84      513.49
  -528000.00      375.91      406.70      511.80
  -527000.00      374.56      405.31      509.03
  -526000.00      372.99      403.69      505.03
  -525000.00      371.18      401.83      499.76
  -524000.00      369.16      399.78      493.36
  -523000.00      366.98      397.61      486.13
  -522000.00      364.72      395.40      478.58
  -521000.00      362.50      393.28      471.30
  -520000.00      360.49      391.38      464.91
  -519000.00      358.86      389.84      459.96
  -518000.00      357.78      388.78      456.87
  -517000.00      357.38      388.33      455.86
  -516000.00      357.72      388.53      457.02
  -515000.00      358.79      389.43      460.25
  -514000.00      360.52      390.99      465.39
  -513000.00      362.75      393.14      472.16
  -512000.00      365.32      395.73      480.26
  -511000.00      368.05      398.59      489.33
  -510000.00      370.78      401.52      498.91
  -509000.00      373.35      404.31      508.45
  -508000.00      375.62      406.76      517.22
  -507000.00      377.47      408.69      524.34
  -506000.00      378.80      409.98      528.85
  -505000.00      379.54      410.54      529.91
  -504000.00      379.63      410.39      527.08
  -503000.00      379.02      409.57      520.52
  -502000.00      377.73      408.19      511.07
  -501000.00      375.87      406.40      500.08
  -500000.00      373.63      404.41      489.04
  -499000.00      371.29      402.41      479.30
  -498000.00      369.19      400.62      471.82
  -497000.00      367.63      399.21      467.10
  -496000.00      366.83      398.35      465.28
  -495000.00      366.85      398.12      466.19
  -494000.00      367.64      398.54      469.49
  -493000.00      369.03      399.58      474.75
  -492000.00      370.82      401.12      481.53
  -491000.00      372.76      403.00      489.41
  -490000.00      374.64      405.01      497.98
  -489000.00      376.27      406.93      506.79
  -488000.00      377.53      408.51      515.27
  -487000.00      378.31      409.57      522.65
  -486000.00      378.53      409.93      527.95
  -485000.00      378.15      409.50      530.07
  -484000.00      377.11      408.25      528.09
  -483000.00      375.42      406.24      521.64
  -482000.00      373.07      403.61      511.24
  -481000.00      370.17      400.56      498.22
  -480000.00      366.89      397.34      484.40
  -479000.00      363.55      394.24      471.57
  -478000.00      360.50      391.51      461.14
  -477000.00      358.12      389.39      453.91
  -476000.00      356.71      388.07      450.16
  -475000.00      356.40      387.64      449.79
  -474000.00      357.15      388.14      452.42
  -473000.00      358.82      389.51      457.56
  -472000.00      361.17      391.62      464.68
  -471000.00      363.95      394.29      473.27
  -470000.00      366.91      397.29      482.81
  -469000.00      369.82      400.37      492.75
  -468000.00      372.54      403.30      502.47
  -467000.00      374.93      405.87      511.26
  -466000.00      376.88      407.92      518.32
  -465000.00      378.33      409.37      522.93
  -464000.00      379.23      410.20      524.56
  -463000.00      379.59      410.42      523.14
  -462000.00      379.42      410.15      519.07
  -461000.00      378.80      409.49      513.20
  -460000.00      377.87      408.59      506.56
  -459000.00      376.78      407.60      500.17
  -458000.00      375.71      406.65      494.83
  -457000.00      374.83      405.86      491.02
  -456000.00      374.23      405.29      488.92
  -455000.00      373.96      404.97      488.46
  -454000.00      373.98      404.89      489.42
  -453000.00      374.19      405.00      491.46
  -452000.00      374.49      405.20      494.18
  -451000.00      374.73      405.40      497.17
  -450000.00      374.81      405.48      499.99
  -449000.00      374.64      405.33      502.23
  -448000.00      374.16      404.88      503.48
  -447000.00      373.32      404.06      503.40
  -446000.00      372.12      402.87      501.78
  -445000.00      370.60      401.32      498.60
  -444000.00      368.82      399.51      494.05
  -443000.00      366.87      397.55      488.59
  -442000.00      364.89      395.57      482.81
  -441000.00      363.04      393.73      477.36
  -440000.00      361.46      392.18      472.83
  -439000.00      360.31      391.04      469.67
  -438000.00      359.68      390.40      468.13
  -437000.00      359.62      390.32      468.30
  -436000.00      360.11      390.78      470.09
  -435000.00      361.08      391.73      473.28
  -434000.00      362.44      393.09      477.56
  -433000.00      364.06      394.73      482.55
  -432000.00      365.81      396.52      487.78
  -431000.00      367.57      398.31      492.77
  -430000.00      369.23      399.98      497.04
  -429000.00      370.71      401.45      500.15
  -428000.00      371.94      402.66      501.84
  -427000.00      372.89      403.57      502.02
  -426000.00      373.55      404.22      500.87
  -425000.00      373.97      404.67      498.78
  -424000.00      374.22      404.97      496.27
  -423000.00      374.37      405.22      493.89
  -422000.00      374.56      405.49      492.12
  -421000.00      374.86      405.86      491.31
  -420000.00      375.34      406.38      491.64
  -419000.00      376.04      407.06      493.21
  -418000.00      376.92      407.88      495.89
  -417000.00      377.92      408.83      499.42
  -416000.00      378.95      409.82      503.54
  -415000.00      379.91      410.77      507.95
  -414000.00      380.69      411.58      512.31
  -413000.00      381.21      412.14      516.37
  -412000.00      381.40      412.37      519.69
  -411000.00      381.19      412.17      521.77
  -410000.00      380.54      411.50      522.20
  -409000.00      379.44      410.33      520.65
  -408000.00      377.88      408.68      516.94
  -407000.00      375.89      406.59      511.19
  -406000.00      373.53      404.17      503.77
  -405000.00      370.90      401.52      495.31
  -404000.00      368.15      398.80      486.60
  -403000.00      365.44      396.17      478.41
  -402000.00      362.98      393.78      471.40
  -401000.00      360.92      391.79      466.03
  -400000.00      359.42      390.29      462.57
  -399000.00      358.53      389.36      461.06
  -398000.00      358.27      389.02      461.42
  -397000.00      358.59      389.24      463.43
  -396000.00      359.38      389.97      466.82
  -395000.00      360.53      391.10      471.28
  -394000.00      361.90      392.50      476.43
  -393000.00      363.38      394.05      481.89
  -392000.00      364.87      395.61      487.23
  -391000.00      366.27      397.06      492.00
  -390000.00      367.51      398.33      495.81
  -389000.00      368.56      399.37      498.34
  -388000.00      369.39      400.15      499.42
  -387000.00      370.00      400.71      499.11
  -386000.00      370.43      401.10      497.69
  -385000.00      370.73      401.39      495.60
  -384000.00      370.99      401.66      493.35
  -383000.00      371.28      401.98      491.43
  -382000.00      371.70      402.45      490.24
  -381000.00      372.30      403.10      490.02
  -380000.00      373.13      403.95      490.87
  -379000.00      374.17      405.01      492.74
  -378000.00      375.37      406.22      495.50
  -377000.00      376.67      407.52      498.88
  -376000.00      377.96      408.83      502.62
  -375000.00      379.14      410.05      506.43
  -374000.00      380.13      411.07      509.93
  -373000.00      380.84      411.81      512.74
  -372000.00      381.20      412.18      514.55
  -371000.00      381.17      412.14      515.14
  -370000.00      380.74      411.68      514.39
  -369000.00      379.91      410.80      512.43
  -368000.00      378.72      409.56      509.35
  -367000.00      377.23      408.03      505.43
  -366000.00      375.55      406.31      501.07
  -365000.00      373.77      404.50      496.69
  -364000.00      372.00      402.71      492.68
  -363000.00      370.36      401.05      489.35
  -362000.00      368.92      399.59      486.90
  -361000.00      367.72      398.37      485.40
  -360000.00      366.79      397.43      484.84
  -359000.00      366.10      396.75      485.07
  -358000.00      365.60      396.28      485.87
  -357000.00      365.25      395.96      486.96
  -356000.00      364.96      395.71      487.97
  -355000.00      364.68      395.45      488.50
  -354000.00      364.34      395.11      488.20
  -353000.00      363.91      394.65      486.78
  -352000.00      363.37      394.06      484.15
  -351000.00      362.73      393.39      480.48
  -350000.00      362.04      392.71      476.17
  -349000.00      361.40      392.13      471.83
  -348000.00      360.96      391.76      468.14
  -347000.00      360.86      391.74      465.72
  -346000.00      361.26      392.16      465.02
  -345000.00      362.26      393.12      466.30
  -344000.00      363.90      394.65      469.62
  -343000.00      366.12      396.74      474.84
  -342000.00      368.80      399.31      481.72
  -341000.00      371.79      402.26      489.94
  -340000.00      374.88      405.42      499.09
  -339000.00      377.89      408.59      508.73
  -338000.00      380.63      411.55      518.33
  -337000.00      382.97      414.10      527.23
  -336000.00      384.75      416.06      534.65
  -335000.00      385.89      417.25      539.70
  -334000.00      386.31      417.59      541.51
  -333000.00      385.93      417.03      539.43
  -332000.00      384.73      415.60      533.30
  -331000.00      382.70      413.39      523.58
  -330000.00      379.93      410.55      511.37
  -329000.00      376.58      407.29      498.12
  -328000.00      372.91      403.85      485.36
  -327000.00      369.26      400.48      474.31
  -326000.00      366.01      397.43      465.82
  -325000.00      363.47      394.92      460.29
  -324000.00      361.84      393.12      457.75
  -323000.00      361.17      392.12      458.01
  -322000.00      361.37      391.96      460.71
  -321000.00      362.28      392.58      465.46
  -320000.00      363.68      393.87      471.87
  -319000.00      365.36      395.63      479.56
  -318000.00      367.11      397.65      488.15
  -317000.00      368.79      399.67      497.13
  -316000.00      370.25      401.46      505.85
  -315000.00      371.39      402.81      513.34
  -314000.00      372.13      403.57      518.47
  -313000.00      372.41      403.67      520.10
  -312000.00      372.16      403.10      517.52
  -311000.00      371.35      401.96      510.78
  -310000.00      370.02      400.40      500.86
  -309000.00      368.25      398.61      489.37
  -308000.00      366.27      396.83      478.10
  -307000.00      364.36      395.28      468.57
  -306000.00      362.87      394.13      461.75
  -305000.00      362.09      393.57      458.10
  -304000.00      362.19      393.67      457.59
  -303000.00      363.20      394.49      459.95
  -302000.00      365.01      395.99      464.72
  -301000.00      367.42      398.08      471.38
  -300000.00      370.19      400.63      479.43
  -299000.00      373.09      403.43      488.41
  -298000.00      375.90      406.31      497.86
  -297000.00      378.44      409.04      507.35
  -296000.00      380.59      411.44      516.41
  -295000.00      382.27      413.35      524.49
  -294000.00      383.39      414.64      530.98
  -293000.00      383.93      415.24      535.24
  -292000.00      383.88      415.13      536.70
  -291000.00      383.22      414.32      535.07
  -290000.00      381.99      412.89      530.38
  -289000.00      380.23      410.95      523.11
  -288000.00      378.01      408.61      514.03
  -287000.00      375.47      406.04      504.11
  -286000.00      372.76      403.38      494.27
  -285000.00      370.04      400.78      485.29
  -284000.00      367.50      398.37      477.70
  -283000.00      365.29      396.25      471.78
  -282000.00      363.50      394.49      467.61
  -281000.00      362.18      393.14      465.12
  -280000.00      361.34      392.21      464.15
  -279000.00      360.93      391.69      464.49
  -278000.00      360.90      391.55      465.92
  -277000.00      361.17      391.75      468.22
  -276000.00      361.68      392.21      471.21
  -275000.00      362.37      392.90      474.70
  -274000.00      363.19      393.76      478.53
  -273000.00      364.10      394.73      482.56
  -272000.00      365.08      395.78      486.64
  -271000.00      366.09      396.86      490.64
  -270000.00      367.13      397.95      494.41
  -269000.00      368.17      399.02      497.81
  -268000.00      369.19      400.04      500.69
  -267000.00      370.17      401.00      502.92
  -266000.00      371.09      401.88      504.35
  -265000.00      371.92      402.66      504.90
  -264000.00      372.64      403.32      504.53
  -263000.00      373.22      403.85      503.26
  -262000.00      373.65      404.27      501.19
  -261000.00      373.92      404.58      498.52
  -260000.00      374.07      404.80      495.50
  -259000.00      374.11      404.95      492.45
  -258000.00      374.10      405.08      489.68
  -257000.00      374.10      405.23      487.47
  -256000.00      374.20      405.43      486.08
  -255000.00      374.44      405.72      485.73
  -254000.00      374.87      406.11      486.51
  -253000.00      375.50      406.64      488.32
  -252000.00      376.29      407.30      491.06
  -251000.00      377.21      408.08      494.63
  -250000.00      378.18      408.93      498.86
  -249000.00      379.09      409.79      503.54
  -248000.00      379.88      410.59      508.58
  -247000.00      380.44      411.24      513.81
  -246000.00      380.71      411.64      518.80
  -245000.00      380.61      411.68      523.14
  -244000.00      380.09      411.27      526.32
  -243000.00      379.11      410.33      527.71
  -242000.00      377.64      408.80      526.62
  -241000.00      375.67      406.66      522.45
  -240000.00      373.18      403.93      514.94
  -239000.00      370.18      400.70      504.28
  -238000.00      366.72      397.13      491.27
  -237000.00      362.93      393.39      477.17
  -236000.00      359.04      389.73      463.43
  -235000.00      355.32      386.38      451.39
  -234000.00      352.17      383.59      442.20
  -233000.00      349.93      381.57      436.25
  -232000.00      348.87      380.48      433.73
  -231000.00      349.09      380.45      434.59
  -230000.00      350.57      381.53      438.68
  -229000.00      353.14      383.67      445.50
  -228000.00      356.57      386.77      454.62
  -227000.00      360.58      390.65      465.63
  -226000.00      364.88      395.06      478.13
  -225000.00      369.21      399.72      491.71
  -224000.00      373.38      404.31      505.88
  -223000.00      377.20      408.55      519.96
  -222000.00      380.52      412.17      532.97
  -221000.00      383.23      414.99      543.62
  -220000.00      385.23      416.87      550.42
  -219000.00      386.43      417.77      552.10
  -218000.00      386.75      417.68      548.02
  -217000.00      386.11      416.70      538.56
  -216000.00      384.51      414.95      525.15
  -215000.00      382.04      412.62      509.82
  -214000.00      378.93      409.92      494.65
  -213000.00      375.54      407.10      481.38
  -212000.00      372.31      404.41      471.07
  -211000.00      369.67      402.06      464.21
  -210000.00      367.91      400.25      460.81
  -209000.00      367.14      399.11      460.56
  -208000.00      367.32      398.70      463.01
  -207000.00      368.28      399.02      467.63
  -206000.00      369.76      400.00      473.93
  -205000.00      371.52      401.50      481.50
  -204000.00      373.31      403.33      490.00
  -203000.00      374.93      405.25      499.13
  -202000.00      376.25      407.04      508.55
  -201000.00      377.16      408.44      517.75
  -200000.00      377.60      409.26      525.90
  -199000.00      377.51      409.33      531.83
  -198000.00      376.85      408.57      534.16
  -197000.00      375.59      406.96      531.65
  -196000.00      373.70      404.58      523.81
  -195000.00      371.15      401.59      511.24
  -194000.00      367.99      398.20      495.65
  -193000.00      364.41      394.69      479.27
  -192000.00      360.71      391.34      464.25
  -191000.00      357.30      388.44      452.14
  -190000.00      354.62      386.20      443.79
  -189000.00      353.02      384.80      439.42
  -188000.00      352.67      384.37      438.81
  -187000.00      353.54      384.92      441.49
  -186000.00      355.47      386.41      446.89
  -185000.00      358.21      388.74      454.43
  -184000.00      361.47      391.71      463.58
  -183000.00      364.98      395.13      473.85
  -182000.00      368.49      398.75      484.82
  -181000.00      371.84      402.33      496.05
  -180000.00      374.87      405.66      507.03
  -179000.00      377.51      408.57      517.20
  -178000.00      379.66      410.91      525.86
  -177000.00      381.30      412.62      532.33
  -176000.00      382.39      413.67      535.99
  -175000.00      382.94      414.06      536.50
  -174000.00      382.93      413.87      533.91
  -173000.00      382.40      413.17      528.65
  -172000.00      381.41      412.07      521.48
  -171000.00      380.03      410.68      513.29
  -170000.00      378.39      409.12      504.93
  -169000.00      376.61      407.47      497.10
  -168000.00      374.83      405.84      490.30
  -167000.00      373.16      404.29      484.78
  -166000.00      371.69      402.88      480.65
  -165000.00      370.48      401.66      477.86
  -164000.00      369.54      400.63      476.30
  -163000.00      368.86      399.81      475.82
  -162000.00      368.40      399.21      476.25
  -161000.00      368.14      398.79      477.45
  -160000.00      368.03      398.57      479.28
  -159000.00      368.03      398.50      481.63
  -158000.00      368.11      398.57      484.40
  -157000.00      368.24      398.75      487.51
  -156000.00      368.40      399.00      490.85
  -155000.00      368.57      399.29      494.29
  -154000.00      368.73      399.58      497.67
  -153000.00      368.86      399.81      500.74
  -152000.00      368.94      399.95      503.22
  -151000.00      368.93      399.95      504.76
  -150000.00      368.81      399.77      504.99
  -149000.00      368.55      399.39      503.62
  -148000.00      368.12      398.83      500.54
  -147000.00      367.52      398.10      495.81
  -146000.00      366.74      397.26      489.82
  -145000.00      365.84      396.39      483.14
  -144000.00      364.91      395.58      476.51
  -143000.00      364.08      394.95      470.66
  -142000.00      363.51      394.58      466.21
  -141000.00      363.36      394.59      463.62
  -140000.00      363.77      395.04      463.11
  -139000.00      364.82      396.00      464.74
  -138000.00      366.48      397.49      468.39
  -137000.00      368.70      399.47      473.83
  -136000.00      371.32      401.89      480.76
  -135000.00      374.17      404.62      488.87
  -134000.00      377.06      407.52      497.82
  -133000.00      379.80      410.40      507.27
  -132000.00      382.24      413.09      516.85
  -131000.00      384.24      415.38      526.12
  -130000.00      385.70      417.10      534.52
  -129000.00      386.53      418.10      541.31
  -128000.00      386.67      418.26      545.63
  -127000.00      386.09      417.54      546.52
  -126000.00      384.74      415.92      543.26
  -125000.00      382.62      413.44      535.56
  -124000.00      379.72      410.24      523.84
  -123000.00      376.11      406.46      509.21
  -122000.00      371.93      402.33      493.29
  -121000.00      367.44      398.10      477.78
  -120000.00      362.99      394.03      464.11
  -119000.00      358.99      390.40      453.29
  -118000.00      355.82      387.43      445.83
  -117000.00      353.73      385.31      441.82
  -116000.00      352.84      384.16      441.09
  -115000.00      353.10      384.03      443.29
  -114000.00      354.35      384.90      447.99
  -113000.00      356.40      386.65      454.78
  -112000.00      358.97      389.13      463.26
  -111000.00      361.84      392.11      473.06
  -110000.00      364.80      395.35      483.79
  -109000.00      367.70      398.59      494.94
  -108000.00      370.38      401.60      505.87
  -107000.00      372.75      404.17      515.67
  -106000.00      374.69      406.15      523.29
  -105000.00      376.16      407.47      527.67
  -104000.00      377.07      408.10      528.07
  -103000.00      377.39      408.10      524.38
  -102000.00      377.09      407.56      517.22
  -101000.00      376.24      406.62      507.80
  -100000.00      374.96      405.46      497.63
   -99000.00      373.45      404.23      488.09
   -98000.00      371.96      403.11      480.25
   -97000.00      370.76      402.22      474.72
   -96000.00      370.07      401.70      471.75
   -95000.00      369.99      401.61      471.25
   -94000.00      370.53      401.97      472.99
   -93000.00      371.60      402.77      476.58
   -92000.00      373.08      403.95      481.69
   -91000.00      374.77      405.42      487.81
   -90000.00      376.51      407.04      494.61
   -89000.00      378.14      408.67      501.81
   -88000.00      379.51      410.16      509.01
   -87000.00      380.55      411.38      515.83
   -86000.00      381.17      412.18      521.82
   -85000.00      381.32      412.48      526.44
   -84000.00      380.97      412.18      529.10
   -83000.00      380.12      411.27      529.26
   -82000.00      378.74      409.76      526.55
   -81000.00      376.86      407.70      520.92
   -80000.00      374.53      405.19      512.73
   -79000.00      371.81      402.35      502.73
   -78000.00      368.83      399.35      491.89
   -77000.00      365.77      396.37      481.25
   -76000.00      362.83      393.57      471.69
   -75000.00      360.21      391.12      463.88
   -74000.00      358.13      389.14      458.18
   -73000.00      356.69      387.74      454.75
   -72000.00      355.98      386.97      453.51
   -71000.00      355.97      386.84      454.28
   -70000.00      356.59      387.33      456.81
   -69000.00      357.75      388.36      460.79
   -68000.00      359.30      389.83      465.92
   -67000.00      361.13      391.65      471.88
   -66000.00      363.12      393.67      478.34
   -65000.00      365.16      395.79      484.95
   -64000.00      367.17      397.89      491.39
   -63000.00      369.09      399.88      497.31
   -62000.00      370.87      401.70      502.39
   -61000.00      372.46      403.31      506.41
   -60000.00      373.86      404.68      509.20
   -59000.00      375.05      405.83      510.77
   -58000.00      376.03      406.77      511.21
   -57000.00      376.81      407.53      510.73
   -56000.00      377.43      408.15      509.58
   -55000.00      377.89      408.65      508.03
   -54000.00      378.23      409.05      506.33
   -53000.00      378.46      409.37      504.65
   -52000.00      378.61      409.60      503.16
   -51000.00      378.68      409.74      501.99
   -50000.00      378.67      409.78      501.01
   -49000.00      378.58      409.70      500.21
   -48000.00      378.39      409.51      499.55
   -47000.00      378.10      409.19      499.00
   -46000.00      377.71      408.74      498.51
   -45000.00      377.22      408.18      498.07
   -44000.00      376.63      407.50      497.77
   -43000.00      375.96      406.74      497.63
   -42000.00      375.21      405.92      497.56
   -41000.00      374.39      405.05      497.56
   -40000.00      373.52      404.16      497.63
   -39000.00      372.61      403.26      497.73
   -38000.00      371.66      402.34      497.80
   -37000.00      370.67      401.39      497.75
   -36000.00      369.66      400.42      497.48
   -35000.00      368.62      399.40      496.81
   -34000.00      367.53      398.33      495.60
   -33000.00      366.41      397.20      493.68
   -32000.00      365.26      396.01      490.97
   -31000.00      364.07      394.79      487.44
   -30000.00      362.88      393.57      483.22
   -29000.00      361.73      392.40      478.57
   -28000.00      360.67      391.36      473.87
   -27000.00      359.80      390.53      469.56
   -26000.00      359.21      389.99      466.08
   -25000.00      359.00      389.84      463.83
   -24000.00      359.27      390.14      463.08
   -23000.00      360.07      390.92      463.96
   -22000.00      361.42      392.20      466.50
   -21000.00      363.26      393.96      470.58
   -20000.00      365.53      396.14      476.00
   -19000.00      368.08      398.64      482.51
   -18000.00      370.80      401.34      489.79
   -17000.00      373.52      404.11      497.48
   -16000.00      376.11      406.80      505.19
   -15000.00      378.45      409.26      512.47
   -14000.00      380.43      411.36      518.87
   -13000.00      381.97      412.99      523.90
   -12000.00      382.99      414.06      527.13
   -11000.00      383.47      414.53      528.23
   -10000.00      383.38      414.39      527.06
    -9000.00      382.74      413.67      523.71
    -8000.00      381.59      412.46      518.54
    -7000.00      380.02      410.85      512.12
    -6000.00      378.13      408.95      505.12
    -5000.00      376.08      406.92      498.20
    -4000.00      374.02      404.89      491.96
    -3000.00      372.09      402.99      486.79
    -2000.00      370.42      401.30      482.96
    -1000.00      369.09      399.92      480.53
        0.00      368.12      398.87      479.47
